zemia_continent = {
	1	2	4	7	10
	6	9	16	5	11
	12	3	8	14	17
	20	21	13	18	19
	22	26	27	28	29
	30	31	32	24	25
	33	34	43	44	45
	41	42	241	46	47
	52	53	54	55	56
	48	49	50	51	35
	36	39	40	15	23
	37	38	57	58	60
	59	61	62	171	172
	173	190	194	174	175
	186	187	188	189	191
	192	193	208	209	225
	226	227	210	223	224
	228	168	169	170	195
	207	211	222	205	206
	212	213	221	164	165
	198	166	197	203	215
	167	196	204	202	214
	216	217	220	231	232
	218	219	233	229	230
	234	235	236	237	238
	239	240	67	68	69
	70	71	81	82	102
	106	107	242	86	87
	101	83	84	85	103
	163	199	200	201	72
	80	88	89	100	243
	73	74	79	90	96
	97	98	99	108	109
	115	75	78	91	76
	77	92	93	94	95
	110	111	112	113	114
	125	104	105	119	120
	104	116	117	118	122
	123	124	129	130	131
	135	136	137	121	132
	133	134	148	149	150
	145	146	147	144	156
	157	158	126	127	128
	140	138	139	143	141
	142	161	159	160	162
	151	152	153	154	155
}
c2_continent = {
	176	177	181	178	179
	180	182	183	184	185
}
hastam_continent = {
	63	64	65	66
}
europe = {}
asia = {}
africa = {}
north_america = {}
south_america = {}
oceania = {}
island_check_provinces = {}
new_world = {}